1 0 0.000000000000000008715315073428954293704742624315778161975324828678720685682392179022509932397180794597085027976750991
1 1 1.25
1 2 1.333333333333333333333333333333333333333333333333333333333333333333333333333333333333333333333333333
1 3 1.364583333333333333333333333333333333333333333333333333333333333333333333333333333333333333333333333
1 4 1.377083333333333333333333333333333333333333333333333333333333333333333333333333333333333333333333333
1 5 1.382291666666666666666666666666666666666666666666666666666666666666666666666666666666666666666666667
1 6 1.38452380952380952380952380952380952380952380952380952380952380952380952380952380952380952380952381
1 7 1.38550037202380952380952380952380952380952380952380952380952380952380952380952380952380952380952381
1 8 1.385934399801587301587301587301587301587301587301587301587301587301587301587301587301587301587301587
1 9 1.386129712301587301587301587301587301587301587301587301587301587301587301587301587301587301587301587
1 10 1.386218490710678210678210678210678210678210678210678210678210678210678210678210678210678210678210678
1 11 1.386259180814844877344877344877344877344877344877344877344877344877344877344877344877344877344877345
1 12 1.386277960862921800421800421800421800421800421800421800421800421800421800421800421800421800421800422
1 13 1.386286680170957514707514707514707514707514707514707514707514707514707514707514707514707514707514708
1 14 1.386290749181374181374181374181374181374181374181374181374181374181374181374181374181374181374181374
1 15 1.386292656530006993874181374181374181374181374181374181374181374181374181374181374181374181374181374
1 16 1.386293554105834199756534315357844769609475491828433004903593138887256534315357844769609475491828433
1 17 1.386293977961085935867645426468955880720586602939544116014704249998367645426468955880720586602939544
1 18 1.386294178734626231920277005416324301773218181886912537067335828945736066479100534828089007655571123
1 19 1.386294274102057872545277005416324301773218181886912537067335828945736066479100534828089007655571123
1 20 1.386294319515120558557181767321086206535122943791674441829240590850497971241005296732850912417475885
2 0 18490803293384296.87499999999999999128468492657104570629525737568422183802467517132127931431760782098
2 1 134058323877036151.0937500000000000043576575367144771468523713121578890809876624143393603428411960895
2 2 509652765773904681.9088541666666666666666666666666666666666666666666666666666666666666666666666666667
3 0 -8474951509467802.734374999999999995642342463285522853147628687842110919012337585660639657158803910489
3 1 -57013310154601581.40625000000000000435765753671447714685237131215788908098766241433936034284119608951
3 2 -201472710884166401.325520833333333332243918949154714046620240505293861063086417729748493247623034311
3 3 178551819301742116.5221354166666666666666666666666666666666666666666666666666666666666666666666666667
4 0 2869647612560244.140624999999999998547447487761840951049209562614036973004112528553546552386267970163
4 1 17893425288434985.14322916666666666884549543502390524009285232274561120716049787383634683808726471142
4 2 58727282561325307.7074652777777777766883633935991584910646849497383055075308621741929376920674787554
4 3 -90419023169687614.68012152777777777759620871374800789665892897310453239940329184384697109682606127405
4 4 35043966363939430.81765407986111111111111111111111111111111111111111111111111111111111111111111111111
5 0 -714366645680676.2695312499999999996368618719404602377623023906535092432510281321383866380965669925407
5 1 -4094856197052714.791666666666666667392942922785746191142061885359648180164610402389893390473532681585
5 2 -12377195172214431.20095486111111111056640391902180146775456469709137497598765330931869106825596159992
5 3 30109919686803132.92936197916666666648509760263689678554781786199342128829218073273585998571495016294
5 4 -19748637370553613.72338867187499999997730386699627876486014389941584432770318925825864916488103543703
5 5 4890850017289243.694430881076388888888888888888888888888888888888888888888888888888888888888888888889
0.1000000000000000055511151231257827021181583404541015625 1 0 0.00000000000000000005535524866737758722741793834770479136155598575710040169233769700555052349960244259925375625765650374
0.1000000000000000055511151231257827021181583404541015625 1 1 1.04545454545454545683930376988668705541513713910733967894840846130926838449911667795746032416084791
0.1000000000000000055511151231257827021181583404541015625 1 2 1.04820936639118457557464637560297970826623977851187055865952995470263252105219162577048694638295712
0.1000000000000000055511151231257827021181583404541015625 1 3 1.048397195091409970043352996341620082664709298258386305788085223883428011694824543386392628994306679
0.1000000000000000055511151231257827021181583404541015625 1 4 1.048410855360517271459948293544680371936707623675231835281785795489994445445925866101875321419044285
0.1000000000000000055511151231257827021181583404541015625 1 5 1.048411890229389036718833494935013802135384344429457749520623715653360728264542168121163235650477845
0.1000000000000000055511151231257827021181583404541015625 1 6 1.048411970868521901544205242393701773020908875092537130429800467921086160284064936416782312990492058
0.1000000000000000055511151231257827021181583404541015625 1 7 1.048411977282998379428041955100619073573795786562543911377130919460928805175816535970418926462293661
0.1000000000000000055511151231257827021181583404541015625 1 8 1.048411977801339912994412624709624242628994007169460491255856925160490106791861310235211965288084025
0.1000000000000000055511151231257827021181583404541015625 1 9 1.048411977843749674831661136181465304669081844420351267511314431059911269841574307332049270906733206
0.1000000000000000055511151231257827021181583404541015625 1 10 1.048411977847254613826475062926261688686604423000519244277308172014766562320285425341114550770276977
0.1000000000000000055511151231257827021181583404541015625 1 11 1.048411977847546692076042890169734356945447113581741321930778067098749072845884052983972445668625494
0.1000000000000000055511151231257827021181583404541015625 1 12 1.048411977847571202138943686862731193688067407318070935434506539882787834000028724196982747070653067
0.1000000000000000055511151231257827021181583404541015625 1 13 1.048411977847573271170227520349906768239002054148378832349701695014269831010531751613354831071036626
0.1000000000000000055511151231257827021181583404541015625 1 14 1.048411977847573446724397057736706282334888449413378281027976871710753330128270916732966989451733079
0.1000000000000000055511151231257827021181583404541015625 1 15 1.048411977847573461686400143309445632338984226986673361543281935836821612704519809170838305148993295
0.1000000000000000055511151231257827021181583404541015625 1 16 1.048411977847573462966571530310321791060424877340018807740036182186536939461557749087768931166029086
0.1000000000000000055511151231257827021181583404541015625 1 17 1.048411977847573463076485235254841466800440153185280095731448800435819638674497983658215027962064649
0.1000000000000000055511151231257827021181583404541015625 1 18 1.048411977847573463085951487355326415428009338995944146572041777479778305168324043273487131172490735
0.1000000000000000055511151231257827021181583404541015625 1 19 1.04841197784757346308676902730945920648710175416273872306212500398691793540679071323406457140142565
0.1000000000000000055511151231257827021181583404541015625 1 20 1.048411977847573463086839809989470703552067062365409717610613353418557553827981932191495169355236152
0.1000000000000000055511151231257827021181583404541015625 2 0 57264904555333464842764.76002962181573502624158013433628010503712703113053379376968308559840902965247
0.1000000000000000055511151231257827021181583404541015625 2 1 708002456320486471135709.5651031536079308121660756876183875797924068874968756321729324829436036235414
0.1000000000000000055511151231257827021181583404541015625 2 2 4553269807660026943461733.977757202273291969167228835560803221101037487483520987343284543096815625384
0.1000000000000000055511151231257827021181583404541015625 3 0 -27320131548273673845446.4359786848637271652566032278645364055914824594391406919747816425875004247826
0.1000000000000000055511151231257827021181583404541015625 3 1 -324056455153183444570536.4585006398519575450842221251706056936437043874701185164511758020216181064778
0.1000000000000000055511151231257827021181583404541015625 3 2 -2002663548911021303373694.232243271580746521768579004550320626943038462377840193146873997759573911946
0.1000000000000000055511151231257827021181583404541015625 3 3 1555727138698838992465847.517522308128467047677367157969772690606794067944861538574693565141344580123
0.1000000000000000055511151231257827021181583404541015625 4 0 9148552626303756917781.112917157676716993469441394745310628553255650184253108210728113398887071078313
0.1000000000000000055511151231257827021181583404541015625 4 1 103944745479692421043882.0291067372102193751572761023044455392811095683300976693437491928495775908608
0.1000000000000000055511151231257827021181583404541015625 4 2 616410427154625639892534.8149351895307662635098308868384913728832066456891018652100511928296894720403
0.1000000000000000055511151231257827021181583404541015625 4 3 -840449629456006976767103.3715753301431205718267555576458293308870530701259728202254581957600147098961
0.1000000000000000055511151231257827021181583404541015625 4 4 297894443540662878863700.1473699913850896469410281435769511019628633856247879728578123594634372053995
0.1000000000000000055511151231257827021181583404541015625 5 0 -2285569077442969268088.648636534648332259097175067884271872985653299035151419470748970639534443765553
0.1000000000000000055511151231257827021181583404541015625 5 1 -24825357421172466071404.12572268630131525344148845088446733708992426090937859214548788912620109126985
0.1000000000000000055511151231257827021181583404541015625 5 2 -141010233687645121606808.7111538440620054060771361311166117037165242244730161831635570104266612409642
0.1000000000000000055511151231257827021181583404541015625 5 3 287561245385605380043571.8334941633434916170630430331910349185735140108666605053094999568815887346223
0.1000000000000000055511151231257827021181583404541015625 5 4 -178284965419363617969639.8796464402305484310529022830265443815824750544125597000856660900292127716626
0.1000000000000000055511151231257827021181583404541015625 5 5 40484398002541844362805.40117499447178917862590298713150399674368132481613414163455417721654181709243
0.299999999999999988897769753748434595763683319091796875 1 0 0.0000000000000000008872708688526720460028755604191825928971345518335663738760100635381524697613915301239187796122620044
0.299999999999999988897769753748434595763683319091796875 1 1 1.115384615384615381330701110576459911523275346844843033513725641561896394878096271316608252261288673
0.299999999999999988897769753748434595763683319091796875 1 2 1.133136094674556208722396126848506762590520840724007030392263626685257941592849570819106367938478093
0.299999999999999988897769753748434595763683319091796875 1 3 1.136208466090122890298881354388865766178425016314078137055385762300617602793609945039276353455620435
0.299999999999999988897769753748434595763683319091796875 1 4 1.136775673120689046881470260369039428342945395737369380049903717401992444550158862073136244766978842
0.299999999999999988897769753748434595763683319091796875 1 5 1.136884751395797923144247582993117144521082773069328287635597057051437062866183471437805621324772456
0.299999999999999988897769753748434595763683319091796875 1 6 1.13690632731834693163517174716806266979128513282011237834607673278839554925696996282452550310803666
0.299999999999999988897769753748434595763683319091796875 1 7 1.136910683995015481426484334607278690596525088374711665468105212029894011927091660509901394123477543
0.299999999999999988897769753748434595763683319091796875 1 8 1.136911577672280824973394809439000734575189470937219375853298342093599400921832026597676461520412307
0.299999999999999988897769753748434595763683319091796875 1 9 1.136911763282174396325440162714885540122703862548223082829832697356390052758452173465247576183190832
0.299999999999999988897769753748434595763683319091796875 1 10 1.136911802221312907797896121345235546989217080667484802199341171338799009375943344047105778633438177
0.299999999999999988897769753748434595763683319091796875 1 11 1.13691181045843836214783849349021122420430859116518751001690310359037966849639392484368547872616758
0.299999999999999988897769753748434595763683319091796875 1 12 1.136911812213092305086287706245465017191811535746279605023484677359459893464955333314964352436144216
0.299999999999999988897769753748434595763683319091796875 1 13 1.136911812589089578573098241132265512944177902440051336601937236695394424619921421925810039200018046
0.299999999999999988897769753748434595763683319091796875 1 14 1.136911812670073606708718969417875551438081805509537232522112189664119274463860421925503685823132325
0.299999999999999988897769753748434595763683319091796875 1 15 1.13691181268759418971882922263474939854350689529518498376783282006112109851209794972599268202601283
0.299999999999999988897769753748434595763683319091796875 1 16 1.136911812691399565214237784311081179257357745973193127140688530323829070097534834838672695993533789
0.299999999999999988897769753748434595763683319091796875 1 17 1.136911812692228941924775547729748538640456042197544530064969952952215754364134276220265664116771888
0.299999999999999988897769753748434595763683319091796875 1 18 1.136911812692410263148941698431501951946171030742259043786870580681508673024351347041105312783348817
0.299999999999999988897769753748434595763683319091796875 1 19 1.13691181269245001434039350839190859286303721096231954233447497174429090630457655599783897743050735
0.299999999999999988897769753748434595763683319091796875 1 20 1.136911812692458750865987312778562446386574539259663844209932219764357629047944264101005434843316684
0.299999999999999988897769753748434595763683319091796875 2 0 879269204065588827938.701206823484456409974331497381389428561748911275024181566356640386717176384082
0.299999999999999988897769753748434595763683319091796875 2 1 9333780781619327630320.431390588647494847159704873849927750724341053224620866396673734773834807776471
0.299999999999999988897769753748434595763683319091796875 2 2 51606338669388022003250.33053332423830941588801576518435457227760212421881568477105526535969927527699
0.299999999999999988897769753748434595763683319091796875 3 0 -415821061089351383416.0493030597420276374855525237771485559607762904183500876136087178337310652863072
0.299999999999999988897769753748434595763683319091796875 3 1 -4203442247833426370637.563791530581318650869255746107554991260479015650840691021305306875539699321458
0.299999999999999988897769753748434595763683319091796875 3 2 -22169279350135121506209.22512090951750959878892182468688505091126724713983070037612418504685946704156
0.299999999999999988897769753748434595763683319091796875 3 3 17724742613815120953059.19486492876505272682868801296761391893754130535650322951505082784987803778158
0.299999999999999988897769753748434595763683319091796875 4 0 139504342195768604311.2891380032460964153141105857439450102133586186804739800691317085852838514604364
0.299999999999999988897769753748434595763683319091796875 4 1 1340679074576716046333.552850434235589002694957314195737782093162867094633167659285652746807392893013
0.299999999999999988897769753748434595763683319091796875 4 2 6734657461056001461484.633429099719623166890128901926865957533667843039473352478921313639457691054694
0.299999999999999988897769753748434595763683319091796875 4 3 -9440232272067226619722.577265959800767574397002498946661067848267016538502044752296546629693320930589
0.299999999999999988897769753748434595763683319091796875 4 4 3410578356305692263209.456014447190152386773122164337352981632522529216252801977253897933924088326257
0.299999999999999988897769753748434595763683319091796875 5 0 -34836317876813278823.92141264329175346542039966801526607222931895607200321578737200099874524755298689
0.299999999999999988897769753748434595763683319091796875 5 1 -317355462510334760100.8489346318838318592942501227283853295876877451375997836020457224757005903417014
0.299999999999999988897769753748434595763683319091796875 5 2 -1514214871273572494226.254783972381141291451586352047596642067832322745842306160087294531196002021441
0.299999999999999988897769753748434595763683319091796875 5 3 3208334387421653478114.947030911223442208201163792294645206387738599931830559867168978107153681736028
0.299999999999999988897769753748434595763683319091796875 5 4 -2015221007695373322036.693295905802165200511132277562937217794938203657014365754279275843177536053614
0.299999999999999988897769753748434595763683319091796875 5 5 465791867160877465784.7422423411958985411752358728833322524128016982578830492244283291955707981244902
0.59999999999999997779553950749686919152736663818359375 1 0 0.000000000000000003712097262499096263058640332346481307069315947208481230422902990469800703932596736578154402878567912
0.59999999999999997779553950749686919152736663818359375 1 1 1.187499999999999995663191310057982203784878034419111911058592390409870285497456610239040496155524393
0.59999999999999997779553950749686919152736663818359375 1 2 1.234374999999999993494786965086973330754529869170802065953411299532010559895614569934889927759494065
0.59999999999999997779553950749686919152736663818359375 1 3 1.247558593749999992579991382052328973024300894357259052274381221788614443555278743257812247459895499
0.59999999999999997779553950749686919152736663818359375 1 4 1.251513671874999992214073148838471234163988967392076862439611788694289527331541038977323073250257115
0.59999999999999997779553950749686919152736663818359375 1 5 1.252749633789062492071136338989308056574718551765144347029076040617517220379105057808880930627049399
0.59999999999999997779553950749686919152736663818359375 1 6 1.253146907261439724158860712333202260142172121920237909715203867178969034837290845217775056409647063
0.59999999999999997779553950749686919152736663818359375 1 7 1.253277262619563503434630199003911760189419471377645669111677763391623091212649866743298353981311977
0.59999999999999997779553950749686919152736663818359375 1 8 1.253320714405604763192215003449896331728973330078529006469195799113274140850837666940923275824525245
0.59999999999999997779553950749686919152736663818359375 1 9 1.253335379383393688360060679200481098770702335625851525032253135279922802400293365519729705619668252
0.59999999999999997779553950749686919152736663818359375 1 10 1.253340378807639912848983342837066237815033265689924780497704902945809282358339082309864993344483877
0.59999999999999997779553950749686919152736663818359375 1 11 1.25334209735972455251701075896019686852122755419384179830045913245910788416429679055039085804195612
0.59999999999999997779553950749686919152736663818359375 1 12 1.253342692243138466248237258944453256167434204404871463569352502546414444439453539638365427140327039
0.59999999999999997779553950749686919152736663818359375 1 13 1.253342899390041525493927409668647316184245879517464513268515536287336418164107614640575026068515945
0.59999999999999997779553950749686919152736663818359375 1 14 1.253342971891457596229917285490001910951671403448538493276354151287014321858997687398838868392404923
0.59999999999999997779553950749686919152736663818359375 1 15 1.253342997380236683598038136662000794418899986877257880176287558202041907802000935247924664259539307
0.59999999999999997779553950749686919152736663818359375 1 16 1.253343006376276361492668817235725309317093316442395557937053171271030701278862828316542116841548715
0.59999999999999997779553950749686919152736663818359375 1 17 1.253343009562373747413683776245613646936578389789211844982415403464905433029570994965146197839011181
0.59999999999999997779553950749686919152736663818359375 1 18 1.253343010694276766096149590765978509538397682792687635123186299123371939949463632034387679832618142
0.59999999999999997779553950749686919152736663818359375 1 19 1.25334301109751721650177802786204948141222806518800165049040979966860654061191483857533600501844237
0.59999999999999997779553950749686919152736663818359375 1 20 1.253343011241531663075216752065357324785714799967977983246800969222689795803822089410143786873282003
0.59999999999999997779553950749686919152736663818359375 2 0 4894474878342134239.583164088442804484181399287077998149263594148472420932066447237126279041819826627
0.59999999999999997779553950749686919152736663818359375 2 1 43132559865390058515.79916315682891764462450175171534029360295354034220877510597339661653740423119523
0.59999999999999997779553950749686919152736663818359375 2 2 198474780125272253049.1041234835685135331882537272409298450907875142877533845137935758001336454902395
0.59999999999999997779553950749686919152736663818359375 3 0 -2284088276559662647.402959367683662660918710203691932966696891888131261846009035564672402569013043511
0.59999999999999997779553950749686919152736663818359375 3 1 -18955893330912557665.71937685765531699812153747684683089847011442674332497472824603905227192170308875
0.59999999999999997779553950749686919152736663818359375 3 2 -82287721590710683328.64241987038032250847536936333195514393715694977750309448550651013557960144545987
0.59999999999999997779553950749686919152736663818359375 3 3 68730408558552841373.63238906365046622112801221140116864215472588065783637198234539478580644729108136
0.59999999999999997779553950749686919152736663818359375 4 0 768929096829401959.3429910108763073740454714288499924627995594061702760228389243349871665195875944446
0.59999999999999997779553950749686919152736663818359375 4 1 5999899123057558015.010844505098828236683958632568658314919453333054069631418551250298634859614392206
0.59999999999999997779553950749686919152736663818359375 4 2 24535810820529039659.58175443136367120426366040543692900862635685433090607651509312761037420542362211
0.59999999999999997779553950749686919152736663818359375 4 3 -35827786092149490570.03308489503984105246118671331959573940521844121199818513520446602886955185847473
0.59999999999999997779553950749686919152736663818359375 4 4 13330803870716781466.9232218743955818920877406793722528953012148723969269017584693224054152858343643
0.59999999999999997779553950749686919152736663818359375 5 0 -191819564863195158.3755477242427439038617137417500779951703725649292351284140296891883970969926988553
0.59999999999999997779553950749686919152736663818359375 5 1 -1400608557575491023.546385513320678265113438603716239847637677829581453249890603696106731243332231512
0.59999999999999997779553950749686919152736663818359375 5 2 -5370518406001629148.206342390825465175355303806478032657803485394908628871340774047652561477787634905
0.59999999999999997779553950749686919152736663818359375 5 3 12062861841009970563.93322682785249119981448265601534639931528300705763353220436685200629375617697393
0.59999999999999997779553950749686919152736663818359375 5 4 -7722446090631195072.604835640894842483581925201948865363342438539371094655306726626821392028632703053
0.59999999999999997779553950749686919152736663818359375 5 5 1835986028791639608.397986343324491063701552871463374324044135159053034434881218677785656273572972029
1.0 1 0 0.000000000000000008715315073428954293704742624315778161975324828678720685682392179022509932397180794597085027976750991
1.0 1 1 1.25
1.0 1 2 1.333333333333333333333333333333333333333333333333333333333333333333333333333333333333333333333333333
1.0 1 3 1.364583333333333333333333333333333333333333333333333333333333333333333333333333333333333333333333333
1.0 1 4 1.377083333333333333333333333333333333333333333333333333333333333333333333333333333333333333333333333
1.0 1 5 1.382291666666666666666666666666666666666666666666666666666666666666666666666666666666666666666666667
1.0 1 6 1.38452380952380952380952380952380952380952380952380952380952380952380952380952380952380952380952381
1.0 1 7 1.38550037202380952380952380952380952380952380952380952380952380952380952380952380952380952380952381
1.0 1 8 1.385934399801587301587301587301587301587301587301587301587301587301587301587301587301587301587301587
1.0 1 9 1.386129712301587301587301587301587301587301587301587301587301587301587301587301587301587301587301587
1.0 1 10 1.386218490710678210678210678210678210678210678210678210678210678210678210678210678210678210678210678
1.0 1 11 1.386259180814844877344877344877344877344877344877344877344877344877344877344877344877344877344877345
1.0 1 12 1.386277960862921800421800421800421800421800421800421800421800421800421800421800421800421800421800422
1.0 1 13 1.386286680170957514707514707514707514707514707514707514707514707514707514707514707514707514707514708
1.0 1 14 1.386290749181374181374181374181374181374181374181374181374181374181374181374181374181374181374181374
1.0 1 15 1.386292656530006993874181374181374181374181374181374181374181374181374181374181374181374181374181374
1.0 1 16 1.386293554105834199756534315357844769609475491828433004903593138887256534315357844769609475491828433
1.0 1 17 1.386293977961085935867645426468955880720586602939544116014704249998367645426468955880720586602939544
1.0 1 18 1.386294178734626231920277005416324301773218181886912537067335828945736066479100534828089007655571123
1.0 1 19 1.386294274102057872545277005416324301773218181886912537067335828945736066479100534828089007655571123
1.0 1 20 1.386294319515120558557181767321086206535122943791674441829240590850497971241005296732850912417475885
1.0 2 0 18490803293384296.87499999999999999128468492657104570629525737568422183802467517132127931431760782098
1.0 2 1 134058323877036151.0937500000000000043576575367144771468523713121578890809876624143393603428411960895
1.0 2 2 509652765773904681.9088541666666666666666666666666666666666666666666666666666666666666666666666666667
1.0 3 0 -8474951509467802.734374999999999995642342463285522853147628687842110919012337585660639657158803910489
1.0 3 1 -57013310154601581.40625000000000000435765753671447714685237131215788908098766241433936034284119608951
1.0 3 2 -201472710884166401.325520833333333332243918949154714046620240505293861063086417729748493247623034311
1.0 3 3 178551819301742116.5221354166666666666666666666666666666666666666666666666666666666666666666666666667
1.0 4 0 2869647612560244.140624999999999998547447487761840951049209562614036973004112528553546552386267970163
1.0 4 1 17893425288434985.14322916666666666884549543502390524009285232274561120716049787383634683808726471142
1.0 4 2 58727282561325307.7074652777777777766883633935991584910646849497383055075308621741929376920674787554
1.0 4 3 -90419023169687614.68012152777777777759620871374800789665892897310453239940329184384697109682606127405
1.0 4 4 35043966363939430.81765407986111111111111111111111111111111111111111111111111111111111111111111111111
1.0 5 0 -714366645680676.2695312499999999996368618719404602377623023906535092432510281321383866380965669925407
1.0 5 1 -4094856197052714.791666666666666667392942922785746191142061885359648180164610402389893390473532681585
1.0 5 2 -12377195172214431.20095486111111111056640391902180146775456469709137497598765330931869106825596159992
1.0 5 3 30109919686803132.92936197916666666648509760263689678554781786199342128829218073273585998571495016294
1.0 5 4 -19748637370553613.72338867187499999997730386699627876486014389941584432770318925825864916488103543703
1.0 5 5 4890850017289243.694430881076388888888888888888888888888888888888888888888888888888888888888888888889
3.0 1 0 0.00000000000004990597439388372562851292988330573494159452737950009499670767342103207815199893420844714220767496298
3.0 1 1 1.375
3.0 1 2 1.5625
3.0 1 3 1.66796875
3.0 1 4 1.73125
3.0 1 5 1.77080078125
3.0 1 6 1.796226283482142857142857142857142857142857142857142857142857142857142857142857142857142857142857143
3.0 1 7 1.812911769321986607142857142857142857142857142857142857142857142857142857142857142857142857142857143
3.0 1 8 1.824035426548549107142857142857142857142857142857142857142857142857142857142857142857142857142857143
3.0 1 9 1.831543895176478794642857142857142857142857142857142857142857142857142857142857142857142857142857143
3.0 1 10 1.836663305604612672483766233766233766233766233766233766233766233766233766233766233766233766233766234
3.0 1 11 1.840182900273954713499391233766233766233766233766233766233766233766233766233766233766233766233766234
3.0 1 12 1.842619542737345357279439310689310689310689310689310689310689310689310689310689310689310689310689311
3.0 1 13 1.844316490167206698483401364260739260739260739260739260739260739260739260739260739260739260739260739
3.0 1 14 1.845504353368109637326174801760739260739260739260739260739260739260739260739260739260739260739260739
3.0 1 15 1.846339569681244516199999875002926760739260739260739260739260739260739260739260739260739260739260739
3.0 1 16 1.846929134137575018934464632585647348974554856907798084268672503966621613680437209848974554856907798
3.0 1 17 1.847346742294142458371377169206741098974554856907798084268672503966621613680437209848974554856907798
3.0 1 18 1.847643463879071954813393971542781395027186435855166505321304082913990034733068788796342975909539377
3.0 1 19 1.847854878008334221028330943207210105964686435855166505321304082913990034733068788796342975909539377
3.0 1 20 1.848005888100664411181857351538944899491472150140880791035589797199704320447354503082057261623825091
3.0 2 0 551068880.9568970464169480035715045537743714870701166942650584054726204999050032923265789679218480011
3.0 2 1 2273159132.572200316470141329864027996550314256464941652867470797263689750047498353836710516039075999
3.0 2 2 5071555794.1814431303064338862895965576171875
3.0 3 0 -229612033.7320404360070575093235940737621857435350583471325292027363102499525016461632894839609240005
3.0 3 1 -815122719.0612435478251676941905050473315642564649416528674707972636897500474983538367105160390759995
3.0 3 2 -1568537205.338251228473375832413791890022577685883764586783132300684077562488125411540822370990231
3.0 3 3 1900039578.913884607958607375621795654296875
3.0 4 0 81861681.59142311196773412542231781625406191451168611571084306757877008331750054872109649465364133351
3.0 4 1 254070706.6612867723064000996447418628584904615658041597670687319651782083570825102516885913528713331
3.0 4 2 430584957.9052928574868260278057647497230985192170979201164656340174108958214587448741557043235643335
3.0 4 3 -827258464.3778328226811319747526048413709504476472940977971887167806795937480209019234703951650385
3.0 4 4 403617502.7820766500287087789426247278849283854166666666666666666666666666666666666666666666666666667
3.0 5 0 -19739374.44139082799665421922179039156351547862792152892771076689469252082937513718027412366341033338
3.0 5 1 -50562294.12965024159833583873168675430786487607749027547791179954394829167458305897278508600651266658
3.0 5 2 -70294578.38526829990102054321525458250315082210854896005823281700870544791072937243707785216178216673
3.0 5 3 269100709.0126643862386107292233505638237499268139607644638553834473462604146875685901370618317051667
3.0 5 4 -193606405.5457892345769625448492492088650130116850784288913152562642516158851692794071004660622964792
3.0 5 5 62614964.30571300931781782613446315129597981770833333333333333333333333333333333333333333333333333333
6.0 1 0 0.0000000535349834768845881256838191928048742981303916627816725155618628778727910538046974638797408890730154
6.0 1 1 1.428571428571428571428571428571428571428571428571428571428571428571428571428571428571428571428571429
6.0 1 2 1.673469387755102040816326530612244897959183673469387755102040816326530612244897959183673469387755102
6.0 1 3 1.830903790087463556851311953352769679300291545189504373177842565597667638483965014577259475218658892
6.0 1 4 1.93885880882965431070387338608912952936276551436901291128696376509787588504789670970428987921699292
6.0 1 5 2.015969536502647706312845838043672279407389778068661867079193193312310346879276491937883024930088654
6.0 1 6 2.072622316017499996964335802744968993725889237113301916232667875265772400469677964599298397290730417
6.0 1 7 2.11511190065363921495295327627094152946476383139678195309777388673086894066247906909535992656121174
6.0 1 8 2.147484917519269095325233256100253937646763522279433409756902276418561542714137053473311567910149891
6.0 1 9 2.172458387672755003040992097682866366815734712388907390608229891320495835725416069993445691236473607
6.0 1 10 2.19191823454560116489742755865633059733701096442226373932355011072460047963030881013900474837386871
6.0 1 11 2.207208114231408863498912563706909635603728019591329441885587425970682699841295963110515436124679149
6.0 1 12 2.219305601455344625029757842428246896649921733571249558198408158912637863085153930296765650608836859
6.0 1 13 2.228934213735620027064512247941147981972402444698124752814734864723581768524142924587862760096227689
6.0 1 14 2.236637103559840348692315772351468850230387013599624908507796229372336892875334120020740447686140353
6.0 1 15 2.242826925740017392857515033038333833651981756466901819332577683107943689228969902065017160928034458
6.0 1 16 2.247820395734109798234482503844544240445873313737982352434922385281206314858793726235189971610570879
6.0 1 17 2.2518627285864703168729799802114764745171188601002856411368204775167046308448415838967584374011956
6.0 1 18 2.255145224436507429752361389592143251056175393988471770308286597527485218262083453276077191577041239
6.0 1 19 2.257818113914394793097000537230686197666550000154566189776480438107692268016123261199236748548801259
6.0 1 20 2.260000064508588559092624331221333501021957841922806532199495818173167410672482288075285366484931888
6.0 2 0 462.6522405817777948757630450821623017306533541334576642501221319021469491336794979335344912584443456
6.0 2 1 1287.388384653710231435103557998984675026036073494203351588765719992826907756832057705918660172699826
6.0 2 2 2055.010722415088928291612696551193731246592433489353044388465375754205996235010427081492007026246323
6.0 3 0 -163.8560018649057839281204093649369248973223520871222406377625944734909394818217068227802806072165768
6.0 3 1 -344.8979535965993589006879962508460058814858161262336542663279044388669785070900399787539450691522088
6.0 3 2 -419.2544970317804244496771620281364315332178188658568877795293789536479589806695916459135073561285325
6.0 3 3 864.0858611188623928918085460524132038000320815171759854087156958381855952290649480486260183868588588
6.0 4 0 68.30825653415357419541195651970389037957209634374353355783649671849923332278480937593860817788492189
6.0 4 1 123.8362796092281730348347883128988385474076340021291618234973247872369347792433166721287712379959017
6.0 4 2 137.7253121588109648204302304746710553057684837601345063861745898153391222667064570763254807867622412
6.0 4 3 -290.9730545275417992471820581517707263989700948888397468118865190518201620921659266466552805185926037
6.0 4 4 216.2730765790822745221310814763669895611501318173551378385668481074127773502018738028016620272313816
6.0 5 0 -13.81023033623288706468471388720752687114577910174544565934289384128336147381291769472046105032273818
6.0 5 1 -14.0201080710379726678494947462714343354839093553603660265601768084045376117628531836462328023100943
6.0 5 2 -6.334480922425401164960431739056105881094409276338086666065735089488963358757697238672454493112456948
6.0 5 3 104.985886904502892879062110444066731853028353212070665828330574237155864562786792747739716134750818
6.0 5 4 -74.3372064014105005119319785072144978799408956141647829105822034908052123623546064437728326970491896
6.0 5 5 43.53638795983028783339963478518759216570425688869566792907922613704201055532111664942157678746463898
9.0 1 0 0.000009811875896183150445532494581654356083563386223399767624332576004966838964416662958114289451047355148
9.0 1 1 1.45
9.0 1 2 1.72
9.0 1 3 1.90225
9.0 1 4 2.03347
9.0 1 5 2.131885
9.0 1 6 2.207805142857142857142857142857142857142857142857142857142857142857142857142857142857142857142857143
9.0 1 7 2.267592255357142857142857142857142857142857142857142857142857142857142857142857142857142857142857143
9.0 1 8 2.315421945357142857142857142857142857142857142857142857142857142857142857142857142857142857142857143
9.0 1 9 2.354163994257142857142857142857142857142857142857142857142857142857142857142857142857142857142857143
9.0 1 10 2.385862034266233766233766233766233766233766233766233766233766233766233766233766233766233766233766234
9.0 1 11 2.412012917273733766233766233766233766233766233766233766233766233766233766233766233766233766233766234
9.0 1 12 2.433738266233810689310689310689310689310689310689310689310689310689310689310689310689310689310689311
9.0 1 13 2.451894450721874975024975024975024975024975024975024975024975024975024975024975024975024975024975025
9.0 1 14 2.467145645691848975024975024975024975024975024975024975024975024975024975024975024975024975024975025
9.0 1 15 2.480013841447764537524975024975024975024975024975024975024975024975024975024975024975024975024975025
9.0 1 16 2.490913960205716543407327966151495563260269142622083798554386789680907327966151495563260269142622084
9.0 1 17 2.500179061149975748407327966151495563260269142622083798554386789680907327966151495563260269142622084
9.0 1 18 2.508078778797186228459959545098863984312900721569452219607018368628275749018783074510628690195253663
9.0 1 19 2.514833037385551188904959545098863984312900721569452219607018368628275749018783074510628690195253663
9.0 1 20 2.520622401889864012143530973670292555741472150140880791035589797199704320447354503082057261623825091
9.0 2 0 0.06203502829742776078555446750541834564391643661377660023237566742399503316103558333704188571054895264
9.0 2 1 -1.310394203672073034568777233752709172821958218306888300116187833711997516580517791668520942855274476
9.0 2 2 -0.804987676969195421696
9.0 3 0 -0.01809150577927139207277723375270917282195821830688830011618783371199751658051779166852094285527447632
9.0 3 1 0.6991430773231669317847772337527091728219582183068883001161878337119975165805177916685209428552744763
9.0 3 2 0.1130270122564347927498056915618227067945104454232779249709530415720006208548705520828697642861813809
9.0 3 3 -0.158914241832374706176
9.0 4 0 0.009777171019015822957592411250903057607319406102296100038729277903999172193505930556173647618424825441
9.0 4 1 -0.2280076048551946875670552835430212530776457758201108167247605835226654249569255625009271380943039048
9.0 4 2 0.08948871569134424375152764177151062653882288791005540836238029176133271247846278125046356904715195242
9.0 4 3 0.08352695690727892758096761526030378446575174090387965416182550692866677014247842534714496071436356349
9.0 4 4 -0.01441791999164182357333333333333333333333333333333333333333333333333333333333333333333333333333333333
9.0 5 0 -0.00116701920046121973939810281272576440182985152557402500968231947599979304837648263904341190460620636
9.0 5 1 0.06090632205519039536146287229211819547032636971781471668603130561866625276341963194475349047587907939
9.0 5 2 -0.04738297954263049576376382088575531326941144395502770418119014588066635623923139062523178452357597621
9.0 5 3 -0.00588234956906073809830094859363711779908507423721298749515884026200010347581175868047829404769689682
9.0 5 4 0.01795963424804755460895428524087130639155230094631829010356152169941667960114313650172645342262877877
9.0 5 5 0.002138300592272434875733333333333333333333333333333333333333333333333333333333333333333333333333333333
99.0 1 0 0.8775109654419350501858669246157374901802830664298786886767798406678626406583913107288405943265385894
99.0 1 1 1.495
99.0 1 2 1.8217
99.0 1 3 2.06427475
99.0 1 4 2.256393952
99.0 1 5 2.41489229365
99.0 1 6 2.549389457850142857142857142857142857142857142857142857142857142857142857142857142857142857142857143
99.0 1 7 2.665897626338516607142857142857142857142857142857142857142857142857142857142857142857142857142857143
99.0 1 8 2.768424814608285507142857142857142857142857142857142857142857142857142857142857142857142857142857143
99.0 1 9 2.859776539356649597042857142857142857142857142857142857142857142857142857142857142857142857142857143
99.0 1 10 2.941993091630177277952857142857142857142857142857142857142857142857142857142857142857142857142857143
99.0 1 11 3.016604612818403648378682142857142857142857142857142857142857142857142857142857142857142857142857143
99.0 1 12 3.08478806448887513150628221978021978021978021978021978021978021978021978021978021978021978021978022
99.0 1 13 3.147468137560229987781440290494505494505494505494505494505494505494505494505494505494505494505494506
99.0 1 14 3.205384525078161874979686347834505494505494505494505494505494505494505494505494505494505494505494506
99.0 1 15 3.259138172243242407785558469803192994505494505494505494505494505494505494505494505494505494505494506
99.0 1 16 3.309223923484117445411735788155193582740788623141564318034906270200387847446670976082740788623141564
99.0 1 17 3.356054100894335605592211580814314132740788623141564318034906270200387847446670976082740788623141564
99.0 1 18 3.399975877812761269508847297929341932793420202088932739087537849147756268499302555030109209675773143
99.0 1 19 3.441284309004540606422443189876025578742920202088932739087537849147756268499302555030109209675773143
99.0 1 20 3.480232258413932552655262173711470159209591630660361310516109277719184839927873983601537781104344572
99.0 2 0 -0.8775109654419350501858669184112534728478886728298786886767798406678626406583913107288405943265385894
99.0 2 1 -1.056244517279032474907066530712086735410914773985060655661610079666068679670804344635579702836730705
99.0 2 2 -1.074199999999999999999999992969544047860230602752
99.0 3 0 0.4387554827209675250929334721316351058664326564149393443383899203339313203291956553644202971632692947
99.0 3 1 0.3087445172790324749070665502303593732690721371850606556616100796660686796708043446355797028367307053
99.0 3 2 0.2730388706802418812732333783808247766237921886797348360845974800834828300822989138411050742908173237
99.0 3 3 -0.268549999999999999999999983664110622698583261184
99.0 4 0 -0.1462518275736558416976444532438541093685548854716464481127966401113104401097318851214734323877564316
99.0 4 1 -0.02978892530618290412019989627948689104419982965919699449747170649970100650206883898445651808503201932
99.0 4 2 -0.03955553734690854793989999238800114687315016696240150275126414675014949674896558050777174095748399034
99.0 4 3 0.1350231451133736468788722663294932271012970651746224726807662466805804716803831523068508457151362206
99.0 4 4 -0.04475833333333333333333328856568280095862086280533333333333333333333333333333333333333333333333333333
99.0 5 0 0.03656295689341396042441124103831895661573872136791161202819916002782761002743297128036835809693910789
99.0 5 1 -0.01083424712016125418215544080824551441632340326915655738973165338898855338819927589407004952721154911
99.0 5 2 0.00616526867345427396995015364730447492161408303320075137563207337507474837448279025388587047874199517
99.0 5 3 -0.03870022844670698021220542301331837962701029636395580601409958001391380501371648564018417904846955395
99.0 5 4 0.02806747647250503919319249805117226853863778404816114241842911416840589229338122737168968904772536091
99.0 5 5 -0.005594791666666666666666518452119179254006742596266666666666666666666666666666666666666666666666666667
999.0 1 0 7.308014469473985087406381058295843902027313213606692881737570373284528789626552559561626834928644205
999.0 1 1 1.4995
999.0 1 2 1.832167
999.0 1 3 2.08141774975
999.0 1 4 2.2806189489502
999.0 1 5 2.4464539472843665
999.0 1 6 2.588456087286508500142857142857142857142857142857142857142857142857142857142857142857142857142857143
999.0 1 7 2.712583707915880876017732142857142857142857142857142857142857142857142857142857142857142857142857143
999.0 1 8 2.822809035034763545794621142857142857142857142857142857142857142857142857142857142857142857142857143
999.0 1 9 2.921912626647350954191022042757142857142857142857142857142857142857142857142857142857142857142857143
999.0 1 10 3.011916706666418973271026132757233766233766233766233766233766233766233766233766233766233766233766234
999.0 1 11 3.094337942943880511743539878174817016233766233766233766233766233766233766233766233766233766233766234
999.0 1 12 3.170343002981896582759577938179893016310689310689310689310689310689310689310689310689310689310689311
999.0 1 13 3.240848554032876205208526958557458874382046453546453546453546453546453546453546453546453546453546454
999.0 1 14 3.306587929832809605179927025157501280447779853546453546453546453546453546453546453546453546453546454
999.0 1 15 3.368156963980434730090641400032603496378718290983953546453546453546453546453546453546453546453546454
999.0 1 16 3.426046342910766494594927198150464309286960642984012369982958218252335899394722924134688840571193512
999.0 1 17 3.480664971931534514404720848674665986265887302096067869982958218252335899394722924134688840571193512
999.0 1 18 3.532357192302663489784705555186570962867732522314645870035589797199704320447354503082057261623825091
999.0 1 19 3.581415694045883443869080040901694380911713728563087320985539797199704320447354503082057261623825091
999.0 1 20 3.628091354275861285897927765882083232936415847650890187175063654342561463304497360224914404480967948
999.0 2 0 -7.308014469473985087406381058295843902027313213606692261289168640045089429626552559561626834928644205
999.0 2 1 2.154507234736992543703190529147921951013656606803347069072791941547196746813276279780813417464322102
999.0 2 2 -1.082416999999999999999999999999999999999999999999999371745581812454241943552
999.0 3 0 3.654007234736992543703190529147921951013656606803359056652953762510864714813276279780813417464322102
999.0 3 1 -2.904257234736992543703190529147921951013656606803333518738218254986690890813276279780813417464322102
999.0 3 2 1.079835308684248135925797632286980487753414151700849535230909395120286622479319069945203354366080526
999.0 3 3 -0.270604249999999999999999999999999999999999999999986760842273996887125213184
999.0 4 0 -1.218002411578997514567730176382640650337885535600745018641725384943621571604425426593604472488107367
999.0 4 1 1.577086950701829605184928597907294308840161636735383324600280728803481082739971473223740042065494384
999.0 4 2 -0.8439879753509148025924642989536471544200808183671264301026070852634607159619857366118700210327471922
999.0 4 3 0.2701739681140413559876329387144967479589023586171828443576920568355268841412198449908672257276800876
999.0 4 4 -0.04510070833333333333333333333333333333333333333295212526824642806807775880533333333333333333333333333
999.0 5 0 0.3045006028947493786419325440956601625844713839129589902033587062359053929011063566484011181220268419
999.0 5 1 -0.546522039122832090617198421524653658502276101121025722846386294358822967135546046630135569577387017
999.0 5 2 0.4081328626754574012962321494768235772100404091966185666101095135318203143329928683059350105163735961
999.0 5 3 -0.1730419889473746893209662720478300812922356919372724681113241563906722305305531783242005590610134209
999.0 5 4 0.04504692309758850283178745067264542682819612817329993361279630163622932421898581395719173654929334428
999.0 5 5 -0.005637588541666666666666666666666666666666666653704968907481360039240265796266666666666666666666666667
